********************************************************************************
XSTREME - Motif Discovery and Enrichment Analysis
********************************************************************************
MEME version 5.5.7 (Wed Jun 19 13:59:04 2024 -0700)

For further information on how to interpret these results please access https://meme-suite.org/meme.
To get a copy of the MEME Suite software please access https://meme-suite.org.

********************************************************************************


********************************************************************************
REFERENCE
********************************************************************************
If you use this program in your research, please cite:

Charles E. Grant and Timothy L. Bailey, "XSTREME: comprehensive motif analysis of biological sequence datasets",
BioRxiv, September 3, 2021.
********************************************************************************


ALPHABET= ACGU

Background letter frequencies (from file `./background'):
A 0.23592 C 0.26663 G 0.26223 U 0.23522 

MOTIF UUUUCUUUUCUUUUU MEME-3

letter-probability matrix: alength= 4 w= 15 nsites= 97 E= 4.8e-149
  0.051546	  0.051546	  0.092784	  0.804124	
  0.164948	  0.206186	  0.000000	  0.628866	
  0.175258	  0.144330	  0.000000	  0.680412	
  0.154639	  0.041237	  0.000000	  0.804124	
  0.134021	  0.443299	  0.206186	  0.216495	
  0.000000	  0.030928	  0.000000	  0.969072	
  0.000000	  0.113402	  0.092784	  0.793814	
  0.000000	  0.237113	  0.092784	  0.670103	
  0.000000	  0.247423	  0.061856	  0.690722	
  0.051546	  0.670103	  0.020619	  0.257732	
  0.278351	  0.041237	  0.000000	  0.680412	
  0.020619	  0.206186	  0.010309	  0.762887	
  0.000000	  0.061856	  0.041237	  0.896907	
  0.000000	  0.288660	  0.000000	  0.711340	
  0.278351	  0.000000	  0.000000	  0.721649	

MOTIF UWUUKUUSMUDAGYA MEME-14

letter-probability matrix: alength= 4 w= 15 nsites= 51 E= 1.0e-024
  0.019608	  0.000000	  0.098039	  0.882353	
  0.392157	  0.117647	  0.156863	  0.333333	
  0.098039	  0.176471	  0.000000	  0.725490	
  0.000000	  0.019608	  0.196078	  0.784314	
  0.196078	  0.000000	  0.294118	  0.509804	
  0.039216	  0.039216	  0.176471	  0.745098	
  0.274510	  0.058824	  0.000000	  0.666667	
  0.000000	  0.627451	  0.372549	  0.000000	
  0.666667	  0.333333	  0.000000	  0.000000	
  0.000000	  0.039216	  0.117647	  0.843137	
  0.352941	  0.000000	  0.333333	  0.313725	
  0.803922	  0.000000	  0.078431	  0.117647	
  0.176471	  0.000000	  0.686275	  0.137255	
  0.176471	  0.254902	  0.058824	  0.509804	
  0.941176	  0.000000	  0.058824	  0.000000	

MOTIF 12-CUGAUGAAGAU STREME-12

letter-probability matrix: alength= 4 w= 11 nsites= 35 E= 1.0e-003
  0.083993	  0.731090	  0.000185	  0.184733	
  0.153525	  0.000188	  0.140049	  0.706239	
  0.136394	  0.000188	  0.863253	  0.000166	
  0.999462	  0.000188	  0.000185	  0.000166	
  0.000166	  0.000188	  0.000185	  0.999461	
  0.083993	  0.136415	  0.779426	  0.000166	
  0.859598	  0.000188	  0.140049	  0.000166	
  0.829571	  0.170078	  0.000185	  0.000166	
  0.000166	  0.000188	  0.674845	  0.324801	
  0.864621	  0.000188	  0.000185	  0.135007	
  0.000166	  0.140052	  0.000185	  0.859597	

MOTIF AAGGUADDAMUURWH MEME-8

letter-probability matrix: alength= 4 w= 15 nsites= 45 E= 2.3e-039
  0.822222	  0.177778	  0.000000	  0.000000	
  1.000000	  0.000000	  0.000000	  0.000000	
  0.266667	  0.000000	  0.644444	  0.088889	
  0.000000	  0.000000	  1.000000	  0.000000	
  0.088889	  0.000000	  0.000000	  0.911111	
  1.000000	  0.000000	  0.000000	  0.000000	
  0.422222	  0.000000	  0.244444	  0.333333	
  0.200000	  0.044444	  0.355556	  0.400000	
  0.688889	  0.044444	  0.000000	  0.266667	
  0.444444	  0.377778	  0.088889	  0.088889	
  0.177778	  0.000000	  0.000000	  0.822222	
  0.222222	  0.000000	  0.022222	  0.755556	
  0.422222	  0.200000	  0.266667	  0.111111	
  0.488889	  0.222222	  0.000000	  0.288889	
  0.222222	  0.355556	  0.000000	  0.422222	

MOTIF CCUSCCCUCUSCCUS MEME-6

letter-probability matrix: alength= 4 w= 15 nsites= 56 E= 4.3e-053
  0.000000	  0.910714	  0.053571	  0.035714	
  0.000000	  0.928571	  0.071429	  0.000000	
  0.000000	  0.000000	  0.107143	  0.892857	
  0.142857	  0.375000	  0.357143	  0.125000	
  0.214286	  0.678571	  0.000000	  0.107143	
  0.000000	  0.946429	  0.000000	  0.053571	
  0.035714	  0.732143	  0.000000	  0.232143	
  0.160714	  0.232143	  0.000000	  0.607143	
  0.000000	  0.660714	  0.267857	  0.071429	
  0.125000	  0.232143	  0.000000	  0.642857	
  0.000000	  0.553571	  0.446429	  0.000000	
  0.000000	  0.732143	  0.000000	  0.267857	
  0.000000	  0.714286	  0.000000	  0.285714	
  0.035714	  0.142857	  0.035714	  0.785714	
  0.000000	  0.625000	  0.375000	  0.000000	

MOTIF GCKGUCAKUGRMCCG MEME-19

letter-probability matrix: alength= 4 w= 15 nsites= 12 E= 1.5e-017
  0.000000	  0.000000	  1.000000	  0.000000	
  0.000000	  0.750000	  0.000000	  0.250000	
  0.000000	  0.000000	  0.333333	  0.666667	
  0.000000	  0.000000	  1.000000	  0.000000	
  0.000000	  0.000000	  0.000000	  1.000000	
  0.000000	  0.916667	  0.000000	  0.083333	
  1.000000	  0.000000	  0.000000	  0.000000	
  0.000000	  0.000000	  0.666667	  0.333333	
  0.000000	  0.000000	  0.000000	  1.000000	
  0.000000	  0.000000	  1.000000	  0.000000	
  0.333333	  0.000000	  0.666667	  0.000000	
  0.333333	  0.666667	  0.000000	  0.000000	
  0.000000	  1.000000	  0.000000	  0.000000	
  0.083333	  0.916667	  0.000000	  0.000000	
  0.000000	  0.000000	  1.000000	  0.000000	

MOTIF GGUKGGUGWGMGAGG MEME-10

letter-probability matrix: alength= 4 w= 15 nsites= 24 E= 2.8e-036
  0.000000	  0.000000	  0.916667	  0.083333	
  0.083333	  0.000000	  0.625000	  0.291667	
  0.000000	  0.208333	  0.000000	  0.791667	
  0.083333	  0.000000	  0.416667	  0.500000	
  0.000000	  0.000000	  1.000000	  0.000000	
  0.000000	  0.000000	  1.000000	  0.000000	
  0.000000	  0.000000	  0.000000	  1.000000	
  0.000000	  0.000000	  1.000000	  0.000000	
  0.541667	  0.000000	  0.000000	  0.458333	
  0.125000	  0.166667	  0.500000	  0.208333	
  0.375000	  0.541667	  0.083333	  0.000000	
  0.000000	  0.000000	  1.000000	  0.000000	
  1.000000	  0.000000	  0.000000	  0.000000	
  0.208333	  0.000000	  0.791667	  0.000000	
  0.000000	  0.291667	  0.708333	  0.000000	

MOTIF RGRURGAGAUGGCAR MEME-18

letter-probability matrix: alength= 4 w= 15 nsites= 10 E= 7.1e-016
  0.500000	  0.000000	  0.500000	  0.000000	
  0.000000	  0.000000	  1.000000	  0.000000	
  0.500000	  0.000000	  0.500000	  0.000000	
  0.000000	  0.000000	  0.000000	  1.000000	
  0.500000	  0.000000	  0.500000	  0.000000	
  0.000000	  0.000000	  1.000000	  0.000000	
  1.000000	  0.000000	  0.000000	  0.000000	
  0.000000	  0.000000	  1.000000	  0.000000	
  1.000000	  0.000000	  0.000000	  0.000000	
  0.000000	  0.000000	  0.000000	  1.000000	
  0.000000	  0.000000	  1.000000	  0.000000	
  0.000000	  0.000000	  1.000000	  0.000000	
  0.000000	  1.000000	  0.000000	  0.000000	
  1.000000	  0.000000	  0.000000	  0.000000	
  0.500000	  0.000000	  0.500000	  0.000000	

MOTIF ARMRRMAGGWAARWW MEME-22

letter-probability matrix: alength= 4 w= 15 nsites= 24 E= 3.0e-013
  1.000000	  0.000000	  0.000000	  0.000000	
  0.583333	  0.000000	  0.416667	  0.000000	
  0.291667	  0.541667	  0.000000	  0.166667	
  0.666667	  0.000000	  0.333333	  0.000000	
  0.291667	  0.083333	  0.541667	  0.083333	
  0.458333	  0.541667	  0.000000	  0.000000	
  0.916667	  0.000000	  0.000000	  0.083333	
  0.250000	  0.000000	  0.750000	  0.000000	
  0.083333	  0.208333	  0.708333	  0.000000	
  0.458333	  0.000000	  0.000000	  0.541667	
  0.875000	  0.041667	  0.083333	  0.000000	
  0.958333	  0.041667	  0.000000	  0.000000	
  0.625000	  0.000000	  0.375000	  0.000000	
  0.583333	  0.000000	  0.000000	  0.416667	
  0.666667	  0.000000	  0.000000	  0.333333	

MOTIF 1-GAGAAUUCAGGWGG STREME-1

letter-probability matrix: alength= 4 w= 14 nsites= 21 E= 9.5e-005
  0.000275	  0.000311	  0.999139	  0.000274	
  0.999109	  0.000311	  0.000306	  0.000274	
  0.000275	  0.000311	  0.999139	  0.000274	
  0.999109	  0.000311	  0.000306	  0.000274	
  0.825642	  0.000311	  0.173772	  0.000274	
  0.000275	  0.000311	  0.000306	  0.999108	
  0.000275	  0.000311	  0.000306	  0.999108	
  0.000275	  0.999144	  0.000306	  0.000274	
  0.672882	  0.000311	  0.326532	  0.000274	
  0.000275	  0.000311	  0.999139	  0.000274	
  0.000275	  0.000311	  0.825673	  0.173741	
  0.614908	  0.000311	  0.000306	  0.384475	
  0.173924	  0.000311	  0.825490	  0.000274	
  0.268619	  0.000311	  0.730796	  0.000274	

MOTIF GGDSAGGGGUGGGGG MEME-9

letter-probability matrix: alength= 4 w= 15 nsites= 30 E= 1.2e-038
  0.000000	  0.000000	  1.000000	  0.000000	
  0.000000	  0.000000	  0.866667	  0.133333	
  0.366667	  0.100000	  0.233333	  0.300000	
  0.066667	  0.466667	  0.466667	  0.000000	
  0.700000	  0.000000	  0.300000	  0.000000	
  0.066667	  0.000000	  0.933333	  0.000000	
  0.066667	  0.000000	  0.933333	  0.000000	
  0.000000	  0.200000	  0.800000	  0.000000	
  0.066667	  0.000000	  0.833333	  0.100000	
  0.200000	  0.200000	  0.000000	  0.600000	
  0.000000	  0.266667	  0.733333	  0.000000	
  0.133333	  0.000000	  0.733333	  0.133333	
  0.000000	  0.000000	  1.000000	  0.000000	
  0.133333	  0.000000	  0.866667	  0.000000	
  0.000000	  0.000000	  1.000000	  0.000000	

MOTIF KGCCUCCUYUKUUG MEME-35

letter-probability matrix: alength= 4 w= 14 nsites= 14 E= 1.7e-004
  0.142857	  0.000000	  0.500000	  0.357143	
  0.000000	  0.000000	  1.000000	  0.000000	
  0.000000	  1.000000	  0.000000	  0.000000	
  0.000000	  0.857143	  0.000000	  0.142857	
  0.000000	  0.142857	  0.000000	  0.857143	
  0.000000	  0.857143	  0.142857	  0.000000	
  0.000000	  1.000000	  0.000000	  0.000000	
  0.000000	  0.000000	  0.142857	  0.857143	
  0.000000	  0.571429	  0.000000	  0.428571	
  0.000000	  0.000000	  0.000000	  1.000000	
  0.000000	  0.000000	  0.428571	  0.571429	
  0.214286	  0.071429	  0.000000	  0.714286	
  0.142857	  0.214286	  0.000000	  0.642857	
  0.000000	  0.142857	  0.857143	  0.000000	

MOTIF 3-UWAUUU STREME-3

letter-probability matrix: alength= 4 w= 6 nsites= 98 E= 4.3e-004
  0.000593	  0.000671	  0.000660	  0.998076	
  0.521274	  0.000671	  0.000660	  0.477396	
  0.926485	  0.000671	  0.072252	  0.000592	
  0.000593	  0.124404	  0.000660	  0.874343	
  0.000593	  0.000671	  0.000660	  0.998076	
  0.000593	  0.115985	  0.000660	  0.882762	

MOTIF GKUGGCUYUGAGGAG MEME-16

letter-probability matrix: alength= 4 w= 15 nsites= 12 E= 7.7e-022
  0.000000	  0.000000	  1.000000	  0.000000	
  0.000000	  0.000000	  0.666667	  0.333333	
  0.000000	  0.000000	  0.166667	  0.833333	
  0.000000	  0.000000	  1.000000	  0.000000	
  0.000000	  0.166667	  0.833333	  0.000000	
  0.000000	  1.000000	  0.000000	  0.000000	
  0.000000	  0.000000	  0.000000	  1.000000	
  0.000000	  0.666667	  0.000000	  0.333333	
  0.000000	  0.000000	  0.000000	  1.000000	
  0.000000	  0.000000	  1.000000	  0.000000	
  0.833333	  0.000000	  0.166667	  0.000000	
  0.000000	  0.000000	  0.833333	  0.166667	
  0.000000	  0.000000	  1.000000	  0.000000	
  1.000000	  0.000000	  0.000000	  0.000000	
  0.000000	  0.000000	  1.000000	  0.000000	

MOTIF AKGASKMCURSCUCC MEME-37

letter-probability matrix: alength= 4 w= 15 nsites= 12 E= 3.2e-004
  1.000000	  0.000000	  0.000000	  0.000000	
  0.000000	  0.000000	  0.666667	  0.333333	
  0.000000	  0.000000	  1.000000	  0.000000	
  1.000000	  0.000000	  0.000000	  0.000000	
  0.000000	  0.583333	  0.416667	  0.000000	
  0.000000	  0.000000	  0.666667	  0.333333	
  0.333333	  0.666667	  0.000000	  0.000000	
  0.000000	  1.000000	  0.000000	  0.000000	
  0.000000	  0.000000	  0.000000	  1.000000	
  0.333333	  0.166667	  0.500000	  0.000000	
  0.000000	  0.416667	  0.583333	  0.000000	
  0.250000	  0.583333	  0.000000	  0.166667	
  0.000000	  0.166667	  0.250000	  0.583333	
  0.000000	  1.000000	  0.000000	  0.000000	
  0.000000	  1.000000	  0.000000	  0.000000	

MOTIF 11-GGGGCAAAGUGUC STREME-11

letter-probability matrix: alength= 4 w= 13 nsites= 8 E= 8.1e-004
  0.021448	  0.024239	  0.932930	  0.021384	
  0.021448	  0.024239	  0.932930	  0.021384	
  0.021448	  0.024239	  0.932930	  0.021384	
  0.021448	  0.024239	  0.932930	  0.021384	
  0.021448	  0.933330	  0.023839	  0.021384	
  0.930539	  0.024239	  0.023839	  0.021384	
  0.930539	  0.024239	  0.023839	  0.021384	
  0.930539	  0.024239	  0.023839	  0.021384	
  0.021448	  0.024239	  0.932930	  0.021384	
  0.021448	  0.024239	  0.023839	  0.930475	
  0.021448	  0.024239	  0.932930	  0.021384	
  0.021448	  0.024239	  0.023839	  0.930475	
  0.021448	  0.933330	  0.023839	  0.021384	

MOTIF 6-CCCCACCUCAGG STREME-6

letter-probability matrix: alength= 4 w= 12 nsites= 8 E= 8.1e-004
  0.021448	  0.933330	  0.023839	  0.021384	
  0.021448	  0.933330	  0.023839	  0.021384	
  0.021448	  0.933330	  0.023839	  0.021384	
  0.021448	  0.933330	  0.023839	  0.021384	
  0.930539	  0.024239	  0.023839	  0.021384	
  0.021448	  0.933330	  0.023839	  0.021384	
  0.021448	  0.933330	  0.023839	  0.021384	
  0.021448	  0.024239	  0.023839	  0.930475	
  0.021448	  0.933330	  0.023839	  0.021384	
  0.930539	  0.024239	  0.023839	  0.021384	
  0.021448	  0.024239	  0.932930	  0.021384	
  0.021448	  0.024239	  0.932930	  0.021384	

MOTIF 8-GCCAGCGUGGAGAG STREME-8

letter-probability matrix: alength= 4 w= 14 nsites= 8 E= 8.1e-004
  0.021448	  0.024239	  0.932930	  0.021384	
  0.021448	  0.933330	  0.023839	  0.021384	
  0.021448	  0.933330	  0.023839	  0.021384	
  0.930539	  0.024239	  0.023839	  0.021384	
  0.021448	  0.024239	  0.932930	  0.021384	
  0.021448	  0.933330	  0.023839	  0.021384	
  0.021448	  0.024239	  0.932930	  0.021384	
  0.021448	  0.024239	  0.023839	  0.930475	
  0.021448	  0.024239	  0.932930	  0.021384	
  0.021448	  0.024239	  0.932930	  0.021384	
  0.930539	  0.024239	  0.023839	  0.021384	
  0.021448	  0.024239	  0.932930	  0.021384	
  0.930539	  0.024239	  0.023839	  0.021384	
  0.021448	  0.024239	  0.932930	  0.021384	

MOTIF 9-GGGAAUCGACUUU STREME-9

letter-probability matrix: alength= 4 w= 13 nsites= 8 E= 8.1e-004
  0.000788	  0.000891	  0.997536	  0.000786	
  0.000788	  0.000891	  0.997536	  0.000786	
  0.000788	  0.000891	  0.997536	  0.000786	
  0.997448	  0.000891	  0.000876	  0.000786	
  0.997448	  0.000891	  0.000876	  0.000786	
  0.000788	  0.000891	  0.000876	  0.997445	
  0.000788	  0.997550	  0.000876	  0.000786	
  0.000788	  0.000891	  0.997536	  0.000786	
  0.997448	  0.000891	  0.000876	  0.000786	
  0.000788	  0.997550	  0.000876	  0.000786	
  0.000788	  0.000891	  0.000876	  0.997445	
  0.000788	  0.000891	  0.000876	  0.997445	
  0.000788	  0.000891	  0.000876	  0.997445	

MOTIF 14-GUCUCGGUYK STREME-14

letter-probability matrix: alength= 4 w= 10 nsites= 14 E= 4.8e-003
  0.000434	  0.000490	  0.998644	  0.000432	
  0.000434	  0.300562	  0.000482	  0.698522	
  0.000434	  0.849144	  0.000482	  0.149940	
  0.000434	  0.000490	  0.000482	  0.998594	
  0.000434	  0.998652	  0.000482	  0.000432	
  0.000434	  0.000490	  0.998644	  0.000432	
  0.000434	  0.000490	  0.998644	  0.000432	
  0.000434	  0.000490	  0.000482	  0.998594	
  0.000434	  0.549072	  0.000482	  0.450012	
  0.000434	  0.000490	  0.450062	  0.549014	

MOTIF AGGCMUUGUUUGACC MEME-36

letter-probability matrix: alength= 4 w= 15 nsites= 7 E= 2.3e-004
  1.000000	  0.000000	  0.000000	  0.000000	
  0.000000	  0.000000	  1.000000	  0.000000	
  0.000000	  0.000000	  1.000000	  0.000000	
  0.000000	  1.000000	  0.000000	  0.000000	
  0.571429	  0.428571	  0.000000	  0.000000	
  0.000000	  0.285714	  0.000000	  0.714286	
  0.000000	  0.000000	  0.000000	  1.000000	
  0.285714	  0.000000	  0.714286	  0.000000	
  0.000000	  0.000000	  0.000000	  1.000000	
  0.000000	  0.000000	  0.000000	  1.000000	
  0.000000	  0.000000	  0.000000	  1.000000	
  0.000000	  0.000000	  1.000000	  0.000000	
  0.714286	  0.285714	  0.000000	  0.000000	
  0.000000	  1.000000	  0.000000	  0.000000	
  0.000000	  0.714286	  0.285714	  0.000000	

MOTIF AGGCCUGCGAGAAUG MEME-12

letter-probability matrix: alength= 4 w= 15 nsites= 15 E= 3.2e-031
  0.800000	  0.000000	  0.200000	  0.000000	
  0.000000	  0.000000	  1.000000	  0.000000	
  0.000000	  0.266667	  0.733333	  0.000000	
  0.000000	  1.000000	  0.000000	  0.000000	
  0.000000	  1.000000	  0.000000	  0.000000	
  0.000000	  0.000000	  0.200000	  0.800000	
  0.200000	  0.000000	  0.800000	  0.000000	
  0.000000	  1.000000	  0.000000	  0.000000	
  0.266667	  0.000000	  0.733333	  0.000000	
  1.000000	  0.000000	  0.000000	  0.000000	
  0.000000	  0.000000	  1.000000	  0.000000	
  1.000000	  0.000000	  0.000000	  0.000000	
  0.800000	  0.000000	  0.000000	  0.200000	
  0.000000	  0.000000	  0.000000	  1.000000	
  0.066667	  0.000000	  0.933333	  0.000000	

MOTIF GGSUCUACACWVVCY MEME-33

letter-probability matrix: alength= 4 w= 15 nsites= 14 E= 1.4e-008
  0.142857	  0.000000	  0.857143	  0.000000	
  0.214286	  0.000000	  0.785714	  0.000000	
  0.142857	  0.428571	  0.428571	  0.000000	
  0.000000	  0.000000	  0.000000	  1.000000	
  0.000000	  1.000000	  0.000000	  0.000000	
  0.000000	  0.000000	  0.000000	  1.000000	
  0.785714	  0.000000	  0.214286	  0.000000	
  0.000000	  1.000000	  0.000000	  0.000000	
  1.000000	  0.000000	  0.000000	  0.000000	
  0.000000	  1.000000	  0.000000	  0.000000	
  0.500000	  0.142857	  0.000000	  0.357143	
  0.285714	  0.357143	  0.357143	  0.000000	
  0.357143	  0.214286	  0.428571	  0.000000	
  0.000000	  1.000000	  0.000000	  0.000000	
  0.000000	  0.571429	  0.142857	  0.285714	

MOTIF CCGMGDGGCCRUCCU MEME-15

letter-probability matrix: alength= 4 w= 15 nsites= 18 E= 1.5e-021
  0.000000	  1.000000	  0.000000	  0.000000	
  0.000000	  0.777778	  0.000000	  0.222222	
  0.000000	  0.000000	  1.000000	  0.000000	
  0.333333	  0.666667	  0.000000	  0.000000	
  0.000000	  0.000000	  1.000000	  0.000000	
  0.222222	  0.000000	  0.444444	  0.333333	
  0.000000	  0.055556	  0.944444	  0.000000	
  0.000000	  0.000000	  0.777778	  0.222222	
  0.000000	  1.000000	  0.000000	  0.000000	
  0.000000	  0.777778	  0.222222	  0.000000	
  0.555556	  0.000000	  0.444444	  0.000000	
  0.222222	  0.000000	  0.000000	  0.777778	
  0.000000	  0.777778	  0.222222	  0.000000	
  0.222222	  0.777778	  0.000000	  0.000000	
  0.000000	  0.055556	  0.000000	  0.944444	

MOTIF 18-UUUUUCCUURAAA STREME-18

letter-probability matrix: alength= 4 w= 13 nsites= 11 E= 1.8e+001
  0.000467	  0.000527	  0.000519	  0.998488	
  0.000467	  0.000527	  0.000519	  0.998488	
  0.000467	  0.000527	  0.000519	  0.998488	
  0.000467	  0.000527	  0.000519	  0.998488	
  0.000467	  0.098479	  0.000519	  0.900536	
  0.000467	  0.998550	  0.000519	  0.000465	
  0.000467	  0.998550	  0.000519	  0.000465	
  0.000467	  0.000527	  0.000519	  0.998488	
  0.000467	  0.174951	  0.000519	  0.824064	
  0.392737	  0.000527	  0.431847	  0.174889	
  0.998489	  0.000527	  0.000519	  0.000465	
  0.998489	  0.000527	  0.000519	  0.000465	
  0.998489	  0.000527	  0.000519	  0.000465	

MOTIF AGAACWCACAWRCCA MEME-23

letter-probability matrix: alength= 4 w= 15 nsites= 8 E= 1.4e-010
  1.000000	  0.000000	  0.000000	  0.000000	
  0.000000	  0.000000	  1.000000	  0.000000	
  1.000000	  0.000000	  0.000000	  0.000000	
  1.000000	  0.000000	  0.000000	  0.000000	
  0.000000	  1.000000	  0.000000	  0.000000	
  0.500000	  0.000000	  0.000000	  0.500000	
  0.000000	  1.000000	  0.000000	  0.000000	
  1.000000	  0.000000	  0.000000	  0.000000	
  0.000000	  1.000000	  0.000000	  0.000000	
  1.000000	  0.000000	  0.000000	  0.000000	
  0.500000	  0.000000	  0.000000	  0.500000	
  0.500000	  0.000000	  0.500000	  0.000000	
  0.000000	  1.000000	  0.000000	  0.000000	
  0.000000	  1.000000	  0.000000	  0.000000	
  1.000000	  0.000000	  0.000000	  0.000000	

MOTIF GUAUUAUAGSUUUUA MEME-28

letter-probability matrix: alength= 4 w= 15 nsites= 10 E= 3.5e-008
  0.000000	  0.000000	  1.000000	  0.000000	
  0.000000	  0.000000	  0.300000	  0.700000	
  1.000000	  0.000000	  0.000000	  0.000000	
  0.000000	  0.000000	  0.000000	  1.000000	
  0.000000	  0.100000	  0.000000	  0.900000	
  1.000000	  0.000000	  0.000000	  0.000000	
  0.000000	  0.100000	  0.200000	  0.700000	
  0.700000	  0.000000	  0.000000	  0.300000	
  0.200000	  0.000000	  0.800000	  0.000000	
  0.000000	  0.600000	  0.400000	  0.000000	
  0.000000	  0.000000	  0.000000	  1.000000	
  0.000000	  0.000000	  0.200000	  0.800000	
  0.000000	  0.000000	  0.000000	  1.000000	
  0.000000	  0.000000	  0.200000	  0.800000	
  0.700000	  0.300000	  0.000000	  0.000000	

MOTIF UUUWYAGWVARAMGA MEME-31

letter-probability matrix: alength= 4 w= 15 nsites= 16 E= 8.4e-010
  0.000000	  0.000000	  0.000000	  1.000000	
  0.000000	  0.000000	  0.062500	  0.937500	
  0.000000	  0.000000	  0.000000	  1.000000	
  0.437500	  0.000000	  0.062500	  0.500000	
  0.000000	  0.625000	  0.000000	  0.375000	
  1.000000	  0.000000	  0.000000	  0.000000	
  0.000000	  0.000000	  1.000000	  0.000000	
  0.437500	  0.000000	  0.125000	  0.437500	
  0.437500	  0.312500	  0.250000	  0.000000	
  0.750000	  0.000000	  0.000000	  0.250000	
  0.500000	  0.000000	  0.500000	  0.000000	
  1.000000	  0.000000	  0.000000	  0.000000	
  0.562500	  0.312500	  0.000000	  0.125000	
  0.312500	  0.000000	  0.687500	  0.000000	
  0.625000	  0.000000	  0.125000	  0.250000	

MOTIF CHUKCCAWAMCWACM MEME-30

letter-probability matrix: alength= 4 w= 15 nsites= 12 E= 1.1e-007
  0.000000	  1.000000	  0.000000	  0.000000	
  0.416667	  0.333333	  0.000000	  0.250000	
  0.000000	  0.000000	  0.000000	  1.000000	
  0.000000	  0.166667	  0.333333	  0.500000	
  0.000000	  1.000000	  0.000000	  0.000000	
  0.250000	  0.750000	  0.000000	  0.000000	
  1.000000	  0.000000	  0.000000	  0.000000	
  0.416667	  0.000000	  0.000000	  0.583333	
  1.000000	  0.000000	  0.000000	  0.000000	
  0.666667	  0.333333	  0.000000	  0.000000	
  0.250000	  0.750000	  0.000000	  0.000000	
  0.583333	  0.000000	  0.000000	  0.416667	
  1.000000	  0.000000	  0.000000	  0.000000	
  0.000000	  1.000000	  0.000000	  0.000000	
  0.666667	  0.333333	  0.000000	  0.000000	

MOTIF RNCMPT00164 ZNF638

letter-probability matrix: alength= 4 w= 7 nsites= 108 E= 8.90e-006
  0.090841	  0.180195	  0.178224	  0.550740	
  0.020032	  0.020047	  0.854273	  0.105648	
  0.020032	  0.020047	  0.020045	  0.939876	
  0.020032	  0.020047	  0.129499	  0.830422	
  0.020032	  0.572340	  0.387597	  0.020032	
  0.020032	  0.020047	  0.656138	  0.303783	
  0.066150	  0.066165	  0.152285	  0.715400	

URL http://hugheslab.ccbr.utoronto.ca/supplementary-data/RNAcompete_eukarya

MOTIF RNCMPT00184 RBM24

letter-probability matrix: alength= 4 w= 7 nsites= 85 E= 4.19e-005
  0.471686	  0.081352	  0.081349	  0.365614	
  0.009176	  0.009192	  0.972457	  0.009176	
  0.292573	  0.009192	  0.009190	  0.689046	
  0.009176	  0.009192	  0.972457	  0.009176	
  0.009176	  0.009192	  0.009190	  0.972443	
  0.009176	  0.009192	  0.972457	  0.009176	
  0.535365	  0.057432	  0.157589	  0.249614	

URL http://hugheslab.ccbr.utoronto.ca/supplementary-data/RNAcompete_eukarya

MOTIF UAGGUCUUCAGCGAU MEME-34

letter-probability matrix: alength= 4 w= 15 nsites= 5 E= 1.8e-005
  0.000000	  0.000000	  0.000000	  1.000000	
  1.000000	  0.000000	  0.000000	  0.000000	
  0.000000	  0.000000	  1.000000	  0.000000	
  0.000000	  0.000000	  1.000000	  0.000000	
  0.000000	  0.000000	  0.000000	  1.000000	
  0.000000	  1.000000	  0.000000	  0.000000	
  0.000000	  0.000000	  0.000000	  1.000000	
  0.000000	  0.000000	  0.000000	  1.000000	
  0.000000	  1.000000	  0.000000	  0.000000	
  1.000000	  0.000000	  0.000000	  0.000000	
  0.000000	  0.000000	  1.000000	  0.000000	
  0.000000	  1.000000	  0.000000	  0.000000	
  0.000000	  0.000000	  1.000000	  0.000000	
  1.000000	  0.000000	  0.000000	  0.000000	
  0.000000	  0.000000	  0.000000	  1.000000	

MOTIF 2-UGUGGC STREME-2

letter-probability matrix: alength= 4 w= 6 nsites= 88 E= 2.5e-004
  0.021448	  0.024239	  0.023839	  0.930475	
  0.021448	  0.024239	  0.932930	  0.021384	
  0.021448	  0.024239	  0.023839	  0.930475	
  0.021448	  0.024239	  0.932930	  0.021384	
  0.021448	  0.024239	  0.932930	  0.021384	
  0.021448	  0.933330	  0.023839	  0.021384	

MOTIF RNCMPT00076 TARDBP

letter-probability matrix: alength= 4 w= 8 nsites= 89 E= 8.87e-005
  0.323656	  0.129669	  0.222740	  0.323934	
  0.010391	  0.010406	  0.968812	  0.010390	
  0.782262	  0.010406	  0.108226	  0.099105	
  0.968799	  0.010406	  0.010404	  0.010390	
  0.010391	  0.010406	  0.010404	  0.968798	
  0.010391	  0.010406	  0.968812	  0.010390	
  0.637114	  0.058526	  0.148560	  0.155801	
  0.310609	  0.130749	  0.334111	  0.224530	

URL http://hugheslab.ccbr.utoronto.ca/supplementary-data/RNAcompete_eukarya

MOTIF RNCMPT00054 RBM46

letter-probability matrix: alength= 4 w= 7 nsites= 60 E= 6.47e-004
  0.713460	  0.035672	  0.215213	  0.035656	
  0.965531	  0.011496	  0.011493	  0.011480	
  0.011480	  0.011496	  0.011493	  0.965531	
  0.011480	  0.597728	  0.379311	  0.011480	
  0.965531	  0.011496	  0.011493	  0.011480	
  0.602900	  0.036020	  0.131270	  0.229811	
  0.301531	  0.109304	  0.197055	  0.392111	

URL http://hugheslab.ccbr.utoronto.ca/supplementary-data/RNAcompete_eukarya

MOTIF RNCMPT00161 FXR1

letter-probability matrix: alength= 4 w= 8 nsites= 127 E= 1.05e-003
  0.594438	  0.135194	  0.135192	  0.135178	
  0.883145	  0.038958	  0.038956	  0.038942	
  0.015714	  0.377797	  0.015727	  0.590761	
  0.015714	  0.015729	  0.952842	  0.015714	
  0.861687	  0.015729	  0.106869	  0.015714	
  0.106856	  0.861702	  0.015727	  0.015714	
  0.586733	  0.015729	  0.381823	  0.015714	
  0.608148	  0.130623	  0.130621	  0.130607	

URL http://hugheslab.ccbr.utoronto.ca/supplementary-data/RNAcompete_eukarya

MOTIF RNCMPT00187 BRUNOL6

letter-probability matrix: alength= 4 w= 7 nsites= 105 E= 1.91e-003
  0.060415	  0.060430	  0.060428	  0.818728	
  0.013152	  0.013168	  0.960527	  0.013152	
  0.013152	  0.013168	  0.013166	  0.960513	
  0.013152	  0.013168	  0.858094	  0.115585	
  0.202560	  0.013168	  0.400560	  0.383713	
  0.013152	  0.013168	  0.478146	  0.495533	
  0.060361	  0.060376	  0.731512	  0.147751	

URL http://hugheslab.ccbr.utoronto.ca/supplementary-data/RNAcompete_eukarya

MOTIF CSCGUAGGRGAAUUC MEME-1

letter-probability matrix: alength= 4 w= 15 nsites= 142 E= 9.3e-474
  0.000000	  0.816901	  0.183099	  0.000000	
  0.000000	  0.387324	  0.612676	  0.000000	
  0.140845	  0.859155	  0.000000	  0.000000	
  0.000000	  0.000000	  0.795775	  0.204225	
  0.000000	  0.000000	  0.183099	  0.816901	
  0.795775	  0.000000	  0.204225	  0.000000	
  0.183099	  0.000000	  0.816901	  0.000000	
  0.000000	  0.183099	  0.612676	  0.204225	
  0.471831	  0.000000	  0.345070	  0.183099	
  0.000000	  0.000000	  0.859155	  0.140845	
  0.859155	  0.000000	  0.140845	  0.000000	
  1.000000	  0.000000	  0.000000	  0.000000	
  0.140845	  0.000000	  0.000000	  0.859155	
  0.000000	  0.000000	  0.000000	  1.000000	
  0.000000	  0.859155	  0.000000	  0.140845	

MOTIF RNCMPT00067 SRSF9

letter-probability matrix: alength= 4 w= 7 nsites= 4 E= 5.08e-003
  0.083168	  0.083184	  0.661291	  0.172356	
  0.037376	  0.037392	  0.887855	  0.037376	
  0.546418	  0.014200	  0.425198	  0.014184	
  0.503396	  0.110650	  0.014198	  0.371756	
  0.014185	  0.014200	  0.957430	  0.014184	
  0.091639	  0.242366	  0.651810	  0.014184	
  0.690383	  0.232400	  0.038616	  0.038602	

URL http://hugheslab.ccbr.utoronto.ca/supplementary-data/RNAcompete_eukarya

MOTIF GGGUCA MEME-11

letter-probability matrix: alength= 4 w= 6 nsites= 67 E= 2.9e-032
  0.000000	  0.000000	  1.000000	  0.000000	
  0.000000	  0.000000	  1.000000	  0.000000	
  0.000000	  0.000000	  1.000000	  0.000000	
  0.000000	  0.000000	  0.000000	  1.000000	
  0.000000	  1.000000	  0.000000	  0.000000	
  1.000000	  0.000000	  0.000000	  0.000000	

MOTIF RNCMPT00036 LIN28A

letter-probability matrix: alength= 4 w= 7 nsites= 56 E= 7.65e-003
  0.303972	  0.387338	  0.109434	  0.199256	
  0.039364	  0.039380	  0.881891	  0.039364	
  0.039364	  0.039380	  0.881891	  0.039364	
  0.881878	  0.039380	  0.039377	  0.039364	
  0.015626	  0.015641	  0.953107	  0.015626	
  0.695224	  0.039380	  0.039377	  0.226019	
  0.719660	  0.062655	  0.155045	  0.062639	

URL http://hugheslab.ccbr.utoronto.ca/supplementary-data/RNAcompete_eukarya

MOTIF RNCMPT00018 FUS

letter-probability matrix: alength= 4 w= 7 nsites= 62 E= 8.76e-003
  0.184883	  0.173788	  0.173217	  0.468114	
  0.156563	  0.150308	  0.537991	  0.155138	
  0.017011	  0.948954	  0.017025	  0.017011	
  0.017011	  0.017027	  0.948952	  0.017011	
  0.017011	  0.948954	  0.017025	  0.017011	
  0.017011	  0.017027	  0.948952	  0.017011	
  0.040056	  0.791214	  0.040069	  0.128660	

URL http://hugheslab.ccbr.utoronto.ca/supplementary-data/RNAcompete_eukarya

MOTIF RNCMPT00176 MSI1

letter-probability matrix: alength= 4 w= 7 nsites= 104 E= 1.24e-002
  0.034661	  0.034676	  0.034674	  0.895990	
  0.966556	  0.011154	  0.011151	  0.011138	
  0.011138	  0.011154	  0.966569	  0.011138	
  0.110771	  0.100755	  0.202143	  0.586331	
  0.361456	  0.011154	  0.101056	  0.526334	
  0.563421	  0.057830	  0.320934	  0.057815	
  0.102547	  0.102562	  0.692345	  0.102546	

URL http://hugheslab.ccbr.utoronto.ca/supplementary-data/RNAcompete_eukarya

MOTIF RNCMPT00023 HNRNPA1L2

letter-probability matrix: alength= 4 w= 7 nsites= 101 E= 1.69e-002
  0.177999	  0.086221	  0.267259	  0.468520	
  0.013211	  0.013227	  0.013225	  0.960338	
  0.960339	  0.013227	  0.013225	  0.013211	
  0.013211	  0.013227	  0.960352	  0.013211	
  0.013211	  0.013227	  0.960352	  0.013211	
  0.036571	  0.036586	  0.798787	  0.128056	
  0.452876	  0.082871	  0.082869	  0.381385	

URL http://hugheslab.ccbr.utoronto.ca/supplementary-data/RNAcompete_eukarya

MOTIF UGCYGCKCCMMGGCG MEME-29

letter-probability matrix: alength= 4 w= 15 nsites= 9 E= 1.2e-009
  0.000000	  0.000000	  0.000000	  1.000000	
  0.000000	  0.000000	  1.000000	  0.000000	
  0.000000	  1.000000	  0.000000	  0.000000	
  0.000000	  0.444444	  0.000000	  0.555556	
  0.000000	  0.000000	  1.000000	  0.000000	
  0.000000	  1.000000	  0.000000	  0.000000	
  0.000000	  0.000000	  0.444444	  0.555556	
  0.000000	  1.000000	  0.000000	  0.000000	
  0.000000	  1.000000	  0.000000	  0.000000	
  0.555556	  0.444444	  0.000000	  0.000000	
  0.444444	  0.555556	  0.000000	  0.000000	
  0.000000	  0.000000	  1.000000	  0.000000	
  0.000000	  0.000000	  1.000000	  0.000000	
  0.000000	  1.000000	  0.000000	  0.000000	
  0.000000	  0.000000	  1.000000	  0.000000	

MOTIF CACGCCGGCUAAACC MEME-4

letter-probability matrix: alength= 4 w= 15 nsites= 29 E= 2.0e-132
  0.000000	  1.000000	  0.000000	  0.000000	
  1.000000	  0.000000	  0.000000	  0.000000	
  0.000000	  1.000000	  0.000000	  0.000000	
  0.000000	  0.000000	  1.000000	  0.000000	
  0.000000	  1.000000	  0.000000	  0.000000	
  0.000000	  1.000000	  0.000000	  0.000000	
  0.000000	  0.000000	  1.000000	  0.000000	
  0.000000	  0.000000	  1.000000	  0.000000	
  0.000000	  1.000000	  0.000000	  0.000000	
  0.000000	  0.000000	  0.000000	  1.000000	
  1.000000	  0.000000	  0.000000	  0.000000	
  1.000000	  0.000000	  0.000000	  0.000000	
  1.000000	  0.000000	  0.000000	  0.000000	
  0.000000	  1.000000	  0.000000	  0.000000	
  0.000000	  1.000000	  0.000000	  0.000000	

MOTIF CCAGCUUCACACGGC MEME-5

letter-probability matrix: alength= 4 w= 15 nsites= 20 E= 8.8e-081
  0.000000	  1.000000	  0.000000	  0.000000	
  0.000000	  1.000000	  0.000000	  0.000000	
  1.000000	  0.000000	  0.000000	  0.000000	
  0.000000	  0.000000	  1.000000	  0.000000	
  0.000000	  1.000000	  0.000000	  0.000000	
  0.000000	  0.000000	  0.000000	  1.000000	
  0.000000	  0.000000	  0.000000	  1.000000	
  0.000000	  1.000000	  0.000000	  0.000000	
  1.000000	  0.000000	  0.000000	  0.000000	
  0.000000	  1.000000	  0.000000	  0.000000	
  1.000000	  0.000000	  0.000000	  0.000000	
  0.000000	  1.000000	  0.000000	  0.000000	
  0.000000	  0.000000	  1.000000	  0.000000	
  0.000000	  0.000000	  1.000000	  0.000000	
  0.000000	  1.000000	  0.000000	  0.000000	

